# flat-band ferromagnet: t1=t4=-0.2 t2=t3=1.0 U=0.5 dt=0.1 flat-band half-filling (Ne=L)
# L T Spar(q=0) err Szz11(q=0) err sign
ED4 0.01 0.7647071642905249 0.06257216857419913
ED4 0.02 0.6306908313624126 0.06259489044105163
ED4 0.04 0.5600760535016197 0.06266403854769645
ED4 0.06 0.5172693903518735 0.06294530007539612
ED4 0.08 0.4760095831101418 0.06336593445653943
ED4 0.1 0.440611314248302 0.06377698623172809
ED4 0.15 0.3816842938319844 0.0645152564517758
ED4 0.2 0.34948985551199696 0.06493630976833943
4 0.01 0.7835984536080182 0.031068194827592197 0.06203782177848973 0.0006033831884538683 0.8947666666666667
4 0.02 1.0033058531736683 0.35335652169795156 0.06306192463219479 0.0005812659930421332 0.92984
4 0.04 0.5536891574331743 0.009976503151885228 0.0632343617920541 0.0010908660772290186 0.9464
4 0.06 0.5120712427089429 0.006744541960830992 0.0624385497746825 0.0008872384286711361 0.9764
4 0.08 0.47626081984726615 0.007514537203517799 0.06441826663061113 0.0010386173790295876 0.9861333333333333
4 0.1 0.4448360375064799 0.007911100086132442 0.06442854752342704 0.0007086343148332506 0.996
4 0.15 0.3838984440999449 0.0030885694998004556 0.06649583333333334 0.0007848966064065624 1.0
4 0.2 0.35025158858987404 0.0021148049714502255 0.06600416666666667 0.0011773395738792702 1.0
8 0.05 0.5071798915878102 0.009537651796341095 0.06443333333333333 0.0014738039059577683 0.9375
8 0.1 0.40969382102757695 0.003746778289679438 0.06388702084734366 0.0013617232542886347 0.9913333333333333
8 0.2 0.33042869180800166 0.004264663104704495 0.06347395833333333 0.0016803385748566614 1.0
12 0.1 0.395468729927611 0.003593350980810073 0.05592916386460438 0.004437504655218973 0.9913333333333333
12 0.2 0.3320279467013395 0.003972376661755145 0.0645694444444445 0.002535163283744002 1.0
16 0.2 0.3264293600806365 0.003688574842508144 0.067859375 0.005134136943098949 1.0
